date,north,middle,south,total,redzone
20210807,0.0367,0.0397,0.0169,0.0933,0.0164
20210806,0.0369,0.0528,0.011,0.1007,0.0237
20210805,0.0374,0.0453,0.0047,0.0874,0.0198
20210804,0.0332,0.0525,0.002,0.0877,0.0194
20210803,0.033,0.0545,0.001,0.0885,0.0289
20210802,0.0363,0.0469,0.0006,0.0838,0.0204
20210801,0.0392,0.0273,0.0001,0.0666,0.003
20210731,0.0388,0.0069,0.5104,0.5561,0.0
20210730,0.036,0.0019,0.5102,0.5481,0.0
20210729,0.0366,0.0041,0.5101,0.5508,0.0034
20210728,0.0367,0.0072,0.5097,0.5536,0.0006
20210727,0.0207,0.9678,0.5089,1.4974,0.0036
20210726,0.0258,0.9649,0.0007,0.9914,0.004
20210725,0.0274,0.9647,0.0022,0.9943,0.0034
20210724,0.0264,0.0095,0.0017,0.0376,0.0028
20210723,0.0265,0.0183,0.5088,0.5536,0.0088
20210722,0.0248,0.0367,0.5092,0.5707,0.0146
20210721,0.0203,0.0395,0.5095,0.5693,0.0204
20210720,0.0162,0.0406,0.5093,0.5661,0.0184
20210719,0.0156,0.033,0.5088,0.5574,0.0202
20210718,0.0168,0.0124,0.0023,0.0315,0.0076
20210717,0.0174,0.0149,0.0028,0.0351,0.0048
20210716,0.0205,0.008,0.0051,0.0336,0.0048
20210715,0.0183,0.0172,0.0122,0.0477,0.0094
20210714,0.0177,0.0271,0.0196,0.0644,0.0126
20210713,0.0148,0.0393,0.0249,0.079,0.0148
20210712,0.0144,0.0574,0.0382,0.11,0.0138
20210711,0.016,0.0734,0.0358,0.1252,0.0237
20210710,0.0201,0.0852,0.0386,0.1439,0.0429
20210709,0.0244,0.0806,0.026,0.131,0.0393
20210708,0.026,0.0623,0.015,0.1033,0.0243
20210707,0.0286,0.0533,0.0102,0.0921,0.014
20210706,0.0321,0.038,0.0061,0.0762,0.0114
20210705,0.0278,0.0245,0.0057,0.058,0.0064
20210704,0.0263,0.9593,0.0043,0.9899,0.0018
20210703,0.0199,0.0113,0.0011,0.0323,0.0006
20210702,0.0202,0.9672,0.0003,0.9877,0.1496
20210627,0.0293,0.0211,0.5105,0.5609,0.008
20210626,0.0282,0.0225,0.0012,0.0519,0.0132
20210625,0.03,0.0352,0.0035,0.0687,0.0178
20210624,0.0275,0.0353,0.0042,0.067,0.014
20210623,0.0234,0.0269,0.0041,0.0544,0.0104
20210622,0.0227,0.018,0.0035,0.0442,0.0108
20210621,0.0287,0.0136,0.0017,0.044,0.0098
20210620,0.0315,0.0119,0.0001,0.0435,0.002
20210619,0.0255,0.0122,0.0001,0.0378,0.0088
20210618,0.0245,0.0101,0.0047,0.0393,0.0054
20210617,0.0229,0.006,0.0147,0.0436,0.0004
20210616,0.0143,0.0261,0.0276,0.068,0.0074
20210615,0.0086,0.0374,0.0421,0.0881,0.009
20210614,0.0021,0.0485,0.0433,0.0939,0.0068
20210613,0.0058,0.0575,0.0483,0.1116,0.0271
20210612,0.0068,0.0572,0.0509,0.1149,0.0403
20210611,0.0105,0.056,0.0437,0.1102,0.0208
20210610,0.0151,0.0501,0.0376,0.1028,0.0162
20210609,0.0177,0.0291,0.0222,0.069,0.001
20210608,0.0259,0.0206,0.0188,0.0653,0.0028
20210607,0.0225,0.0311,0.0123,0.0659,0.0066
20210606,0.0268,0.0496,0.0174,0.0938,0.0138
20210605,0.0233,0.0498,0.0223,0.0954,0.0293
20210604,0.0202,0.0413,0.0179,0.0794,0.0295
20210603,0.0193,0.0468,0.0161,0.0822,0.02
20210602,0.016,0.0502,0.0058,0.072,0.0088
20210601,0.0174,0.0584,0.0023,0.0781,0.0116
20210531,0.0196,0.0745,0.001,0.0951,0.0441
20210530,0.0181,0.0906,0.0012,0.1099,0.0692
20210529,0.0147,0.0823,0.0023,0.0993,0.0305
20210528,0.0124,0.0414,0.002,0.0558,0.007
20210527,0.0099,0.0335,0.0027,0.0461,0.0134
20210526,0.0037,0.032,0.002,0.0377,0.0142
20210525,0.001,0.0232,0.0004,0.0246,0.0108
20210524,0.0108,0.015,0.0006,0.0264,0.0026
20210523,0.0238,0.0066,0.0016,0.032,0.0034
20210522,0.0293,0.0155,0.0046,0.0494,0.0058
20210521,0.029,0.0197,0.0119,0.0606,0.0112
20210520,0.0245,0.0304,0.0223,0.0772,0.0114
20210519,0.0144,0.036,0.0298,0.0802,0.0028
20210518,0.0067,0.062,0.0345,0.1032,0.0052
20210517,0.0022,0.0751,0.044,0.1213,0.0337
20210516,0.5105,0.0828,0.052,0.6453,0.0621
20210515,0.0004,0.085,0.0476,0.133,0.0479
20210514,0.0011,0.0626,0.0488,0.1125,0.0186
20210513,0.0028,0.038,0.0418,0.0826,0.006
20210512,0.0036,0.0294,0.0369,0.0699,0.0034
20210511,0.0035,0.0311,0.0363,0.0709,0.0048
20210510,0.004,0.0344,0.0248,0.0632,0.0221
20210509,0.0054,0.033,0.0231,0.0615,0.019
20210508,0.0104,0.029,0.0283,0.0677,0.0036
20210507,0.0117,0.0431,0.0294,0.0842,0.005
20210506,0.0128,0.0591,0.0288,0.1007,0.0204
20210505,0.01,0.0797,0.0308,0.1205,0.0351
20210504,0.007,0.1099,0.028,0.1449,0.0445
20210503,0.0063,0.1014,0.0161,0.1238,0.0349
20210502,0.0059,0.1191,0.0078,0.1328,0.0503
20210501,0.0075,0.1297,0.0015,0.1387,0.0495
20210430,0.0114,0.1165,0.0008,0.1287,0.0501
20210429,0.0109,0.1285,0.0029,0.1423,0.0569
20210428,0.0717,0.3779,0.0751,0.5247,0.0874
20210427,0.0127,0.0921,0.0085,0.1133,0.0549
20210426,0.0207,0.0711,0.0137,0.1055,0.0311
20210425,0.0292,0.075,0.0117,0.1159,0.0184
20210424,0.0343,0.0297,0.0139,0.0779,0.0068
20210423,0.0281,0.0267,0.0122,0.067,0.0084
20210422,0.026,0.0266,0.0084,0.061,0.014
20210421,0.0149,0.0332,0.0175,0.0656,0.011
20210420,0.012,0.0366,0.0294,0.078,0.0134
20210419,0.0051,0.0454,0.0422,0.0927,0.0221
20210418,0.0063,0.0576,0.0481,0.112,0.0174
20210417,0.0051,0.0504,0.0567,0.1122,0.007
20210416,0.0039,0.0451,0.0604,0.1094,0.0152
20210415,0.0035,0.0414,0.0596,0.1045,0.0225
20210414,0.0012,0.0372,0.0511,0.0895,0.0094
20210413,0.0015,0.0392,0.0388,0.0795,0.0114
20210412,0.0015,0.0503,0.0291,0.0809,0.0202
20210411,0.0017,0.053,0.0293,0.084,0.0152
20210410,0.0011,0.0426,0.0283,0.072,0.0146
20210409,0.003,0.0687,0.0284,0.1001,0.0417
20210408,0.0061,0.0679,0.0269,0.1009,0.0259
20210407,0.0057,0.0778,0.0245,0.108,0.0359
20210406,0.0066,0.0908,0.0177,0.1151,0.0379
20210405,0.0022,0.0844,0.0129,0.0995,0.0379
20210404,0.0007,0.0931,0.0075,0.1013,0.0395
20210402,0.0001,0.1105,0.011,0.1216,0.0463
20210401,0.0018,0.1007,0.0139,0.1164,0.0525
20210331,0.0044,0.0862,0.0169,0.1075,0.0431
20210330,0.0085,0.0749,0.0198,0.1032,0.0339
20210329,0.0044,0.0534,0.0198,0.0776,0.0267
20210328,0.0074,0.0373,0.0178,0.0625,0.005
20210327,0.0117,0.0346,0.0212,0.0675,0.0094
20210326,0.0145,0.0232,0.0197,0.0574,0.0126
20210325,0.0156,0.0266,0.0195,0.0617,0.012
20210324,0.0109,0.0313,0.0171,0.0593,0.0172
20210323,0.0073,0.0264,0.0228,0.0565,0.0112
20210322,0.0042,0.0413,0.0278,0.0733,0.01
20210321,0.0007,0.0467,0.0415,0.0889,0.0008
20210320,0.0004,0.0431,0.0539,0.0974,0.0034
20210319,0.0001,0.0518,0.0623,0.1142,0.0154
20210318,0.0001,0.0565,0.0636,0.1202,0.0313
20210317,0.0003,0.0525,0.0632,0.116,0.0301
20210316,0.0012,0.0456,0.0577,0.1045,0.011
20210315,0.0046,0.0397,0.0535,0.0978,0.004
20210314,0.0068,0.0473,0.053,0.1071,0.0052
20210313,0.0078,0.0561,0.0484,0.1123,0.0303
20210312,0.0089,0.0452,0.0455,0.0996,0.0219
20210311,0.007,0.0469,0.0419,0.0958,0.0176
20210310,0.0037,0.0508,0.039,0.0935,0.0188
20210309,0.0038,0.0672,0.0374,0.1084,0.0323
20210308,0.0032,0.0727,0.0333,0.1092,0.0267
20210307,0.0011,0.0923,0.0273,0.1207,0.0281
20210306,0.0003,0.095,0.0162,0.1115,0.0295
20210305,0.0005,0.1052,0.0139,0.1196,0.0439
20210304,0.0001,0.1154,0.0073,0.1228,0.0533
20210303,0.0001,0.1049,0.0067,0.1117,0.0469
20210302,0.0003,0.1037,0.0121,0.1161,0.0581
20210301,0.5105,0.087,0.0181,0.6156,0.0359
20210228,0.0012,0.0757,0.0225,0.0994,0.0154
20210227,0.0053,0.0653,0.0233,0.0939,0.0128
20210226,0.0111,0.0502,0.0219,0.0832,0.0243
20210225,0.0154,0.0387,0.0201,0.0742,0.0124
20210224,0.0154,0.0311,0.0184,0.0649,0.1502
20210223,0.0128,0.0175,0.0174,0.0477,0.0018
20210222,0.0086,0.0199,0.0205,0.049,0.002
20210221,0.0082,0.03,0.0267,0.0649,0.0044
20210220,0.0037,0.0473,0.0371,0.0881,0.0088
20210219,0.0027,0.0443,0.0471,0.0941,0.007
20210218,0.0028,0.0492,0.0477,0.0997,0.0363
20210217,0.0041,0.0398,0.0487,0.0926,0.0281
20210216,0.0117,0.0325,0.0456,0.0898,0.0048
20210215,0.0229,0.0402,0.0444,0.1075,0.0042
20210214,0.0282,0.051,0.0397,0.1189,0.0164
20210213,0.0278,0.0529,0.0478,0.1285,0.0221
20210212,0.023,0.0572,0.0485,0.1287,0.0245
20210211,0.0187,0.0818,0.0534,0.1539,0.0365
20210210,0.0115,0.0784,0.0503,0.1402,0.0277
20210209,0.0077,0.0665,0.0434,0.1176,0.018
20210208,0.0029,0.0724,0.0347,0.11,0.0136
20210207,0.0011,0.0903,0.0236,0.115,0.0223
20210206,0.0016,0.1148,0.013,0.1294,0.0467
20210205,0.0004,0.1067,0.0106,0.1177,0.0579
20210204,0.0,0.1014,0.0087,0.1101,0.0533
20210203,0.0001,0.0937,0.0106,0.1044,0.0421
20210202,0.0005,0.0459,0.0134,0.0598,0.0245
20210201,0.0015,0.0443,0.0161,0.0619,0.0192
20210131,0.0027,0.0363,0.02,0.059,0.0074
20210130,0.0068,0.0359,0.0189,0.0616,0.011
20210129,0.014,0.0326,0.0178,0.0644,0.0176
20210128,0.0217,0.0332,0.0156,0.0705,0.0204
20210127,0.0232,0.0204,0.0095,0.0531,0.0088
20210126,0.0217,0.0178,0.0091,0.0486,0.0034
20210125,0.0142,0.0146,0.0136,0.0424,0.0036
20210124,0.0081,0.0108,0.017,0.0359,0.0012
20210123,0.005,0.0157,0.0241,0.0448,0.004
20210122,0.0053,0.017,0.0272,0.0495,0.0082
20210121,0.0071,0.0203,0.0302,0.0576,0.0118
20210120,0.0199,0.0265,0.0293,0.0757,0.0096
20210119,0.0298,0.0431,0.0304,0.1033,0.0062
20210118,0.0406,0.0557,0.037,0.1333,0.016
20210117,0.045,0.0637,0.0417,0.1504,0.0381
20210116,0.0417,0.0487,0.0442,0.1346,0.0315
20210115,0.0347,0.0406,0.0469,0.1222,0.0138
20210114,0.0321,0.0334,0.045,0.1105,0.0086
20210113,0.0247,0.04,0.0437,0.1084,0.0062
20210112,0.0139,0.0459,0.0407,0.1005,0.0188
20210111,0.0035,0.0511,0.034,0.0886,0.0249
20210110,0.0028,0.0503,0.0208,0.0739,0.0293
20210109,0.0043,0.046,0.0125,0.0628,0.019
20210108,0.0044,0.0533,0.0086,0.0663,0.0237
20210107,0.0027,0.0535,0.006,0.0622,0.0259
20210106,0.0001,0.0395,0.0089,0.0485,0.0239
20210105,0.0003,0.0209,0.0099,0.0311,0.0122
20210104,0.0006,0.0143,0.0094,0.0243,0.0034
20210103,0.001,0.0167,0.0106,0.0283,0.0024
20210102,0.0046,0.0134,0.0078,0.0258,0.0078
20210101,0.0071,0.0152,0.0091,0.0314,0.0134
20201231,0.0089,0.0138,0.0055,0.0282,0.0056
20201230,0.009,0.0155,0.0016,0.0261,0.005
20201229,0.0105,0.0089,0.0009,0.0203,0.0014
20201228,0.0073,0.0099,0.0022,0.0194,0.0032
20201227,0.0048,0.0092,0.0048,0.0188,0.0026
20201226,0.0058,0.0096,0.0073,0.0227,0.0044
20201225,0.0097,0.0106,0.0091,0.0294,0.0078
20201224,0.0155,0.0097,0.0101,0.0353,0.0024
20201223,0.0227,0.0162,0.007,0.0459,0.0054
20201222,0.0337,0.0273,0.0053,0.0663,0.0148
20201221,0.0462,0.0319,0.0068,0.0849,0.008
20201220,0.0524,0.0405,0.0121,0.105,0.0243
20201219,0.0552,0.0491,0.0134,0.1177,0.0305
20201218,0.0551,0.0383,0.017,0.1104,0.0096
20201217,0.0515,0.0382,0.0214,0.1111,0.003
20201216,0.0423,0.0396,0.0226,0.1045,0.0084
20201215,0.0252,0.0392,0.0224,0.0868,0.0172
20201214,0.022,0.0354,0.022,0.0794,0.0198
20201213,0.0132,0.0385,0.0205,0.0722,0.0162
20201212,0.0095,0.037,0.0165,0.063,0.0146
20201211,0.0053,0.0433,0.0124,0.061,0.0227
20201210,0.0045,0.0346,0.0058,0.0449,0.0221
20201209,0.0017,0.0516,0.0011,0.0544,0.0206
20201208,0.0021,0.0481,0.0003,0.0505,0.0094
20201207,0.0033,0.054,0.0016,0.0589,0.0243
20201206,0.0,0.052,0.0018,0.0538,0.0259
20201205,0.0,0.0356,0.0018,0.0374,0.0176
20201204,0.5103,0.0356,0.0005,0.5464,0.011
20201202,0.0032,0.0156,0.5105,0.5293,0.0048
20201129,0.0075,0.9648,0.0003,0.9726,0.1431
20201128,0.0083,0.961,0.0013,0.9706,0.0042
20201127,0.0108,0.0133,0.0009,0.025,0.0052
20201126,0.0155,0.019,0.0004,0.0349,0.0104
20201125,0.0218,0.025,0.0004,0.0472,0.0098
20201124,0.0268,0.0179,0.0006,0.0453,0.007
20201123,0.0373,0.0256,0.0015,0.0644,0.0148
20201122,0.0523,0.0259,0.0043,0.0825,0.0068
20201121,0.0524,0.0218,0.0085,0.0827,0.0036
20201120,0.0577,0.0303,0.0083,0.0963,0.0038
20201119,0.0547,0.047,0.0085,0.1102,0.0251
20201118,0.0436,0.0685,0.0072,0.1193,0.0387
20201117,0.0425,0.0789,0.0093,0.1307,0.0331
20201116,0.0464,0.0754,0.0132,0.135,0.0371
20201115,0.0381,0.0551,0.0143,0.1075,0.0206
20201114,0.0305,0.0512,0.0184,0.1001,0.0319
20201113,0.0211,0.0395,0.0159,0.0765,0.0136
20201112,0.0176,0.048,0.0102,0.0758,0.0221
20201111,0.0148,0.0541,0.005,0.0739,0.0259
20201110,0.0135,0.0545,0.0015,0.0695,0.0361
20201109,0.011,0.0571,0.0028,0.0709,0.0257
20201108,0.0085,0.0418,0.0074,0.0577,0.0194
20201107,0.0059,0.0312,0.0105,0.0476,0.0148
20201106,0.0081,0.0622,0.0143,0.0846,0.0215
20201105,0.0066,0.0643,0.0212,0.0921,0.0134
20201104,0.003,0.0647,0.0218,0.0895,0.0301
20201103,0.0032,0.1151,0.0288,0.1471,0.0567
20201102,0.0044,0.1088,0.03,0.1432,0.0557
20201101,0.0068,0.0981,0.0311,0.136,0.0401
20201031,0.0108,0.0893,0.0293,0.1294,0.0309
20201030,0.0145,0.056,0.0246,0.0951,0.0237
20201029,0.0186,0.0352,0.0167,0.0705,0.015
20201028,0.023,0.0272,0.0101,0.0603,0.008
20201027,0.0287,0.0411,0.0086,0.0784,0.0194
20201026,0.0379,0.0278,0.009,0.0747,0.0146
20201025,0.0481,0.0643,0.0051,0.1175,0.0219
20201024,0.0518,0.0598,0.0032,0.1148,0.02
20201023,0.0566,0.0715,0.0038,0.1319,0.0363
20201022,0.0538,0.0983,0.0023,0.1544,0.0519
20201021,0.0564,0.1156,0.0035,0.1755,0.0409
20201020,0.0576,0.0965,0.0064,0.1605,0.0283
20201019,0.0581,0.0562,0.0123,0.1266,0.017
20201018,0.0475,0.045,0.0192,0.1117,0.0194
20201017,0.0474,0.0323,0.0216,0.1013,0.015
20201016,0.04,0.0549,0.0232,0.1181,0.016
20201015,0.0347,0.0618,0.0172,0.1137,0.0164
20201014,0.0338,0.0476,0.0117,0.0931,0.02
20201013,0.0307,0.0497,0.0107,0.0911,0.0206
20201012,0.0317,0.0727,0.0129,0.1173,0.0269
20201011,0.0305,0.0732,0.0163,0.12,0.0377
20201010,0.0297,0.0589,0.0177,0.1063,0.0347
20201009,0.0282,0.0664,0.0204,0.115,0.0287
20201008,0.0282,0.0767,0.0214,0.1263,0.0235
20201007,0.024,0.069,0.0216,0.1146,0.0323
20201006,0.0204,0.0541,0.0179,0.0924,0.0321
20201005,0.0177,0.0627,0.0147,0.0951,0.0305
20201004,0.0152,0.0541,0.016,0.0853,0.0267
20201003,0.0124,0.0561,0.0196,0.0881,0.0289
20201002,0.0096,0.0419,0.0176,0.0691,0.0261
20201001,0.013,0.0322,0.0187,0.0639,0.0172
20200930,0.0174,0.0322,0.0141,0.0637,0.0174
20200929,0.0314,0.0422,0.0088,0.0824,0.0112
20200928,0.0375,0.0656,0.0035,0.1066,0.01
20200927,0.0436,0.0866,0.0054,0.1356,0.0291
20200926,0.0499,0.1054,0.0057,0.161,0.0615
20200925,0.0551,0.1225,0.0094,0.187,0.067
20200924,0.0561,0.1347,0.012,0.2028,0.0483
20200923,0.0578,0.1177,0.0064,0.1819,0.0389
20200922,0.0566,0.0992,0.0041,0.1599,0.0371
20200921,0.0599,0.0952,0.0043,0.1594,0.0411
20200920,0.0565,0.0902,0.0071,0.1538,0.0289
20200919,0.0509,0.072,0.0143,0.1372,0.0281
20200918,0.0452,0.0769,0.0198,0.1419,0.0343
20200917,0.0372,0.077,0.0153,0.1295,0.0327
20200916,0.0316,0.0839,0.0091,0.1246,0.0467
20200915,0.0349,0.0691,0.0094,0.1134,0.0365
20200915,0.0387,0.0629,0.0174,0.119,0.0184
20200914,0.0387,0.0629,0.0174,0.119,0.0184
20200913,0.0416,0.0522,0.0206,0.1144,0.0221
20200912,0.04,0.0688,0.0249,0.1337,0.0277
20200911,0.0399,0.0634,0.0271,0.1304,0.0275
20200910,0.0371,0.0709,0.025,0.133,0.0449
20200909,0.0338,0.0605,0.0246,0.1189,0.0263
20200908,0.0315,0.0464,0.0184,0.0963,0.021
20200907,0.0297,0.041,0.0142,0.0849,0.0245
20200906,0.0259,0.053,0.0115,0.0904,0.0257
20200905,0.0159,0.0588,0.0116,0.0863,0.0202
20200904,0.0141,0.074,0.01,0.0981,0.0353
20200903,0.0134,0.0675,0.0131,0.094,0.0299
20200902,0.02,0.0494,0.0146,0.084,0.0156
20200901,0.0211,0.0448,0.0111,0.077,0.019
20200831,0.0277,0.0582,0.0045,0.0904,0.02
20200830,0.0323,0.0558,0.0006,0.0887,0.012
20200829,0.0397,0.0674,0.0005,0.1076,0.0303
20200828,0.0453,0.0708,0.0052,0.1213,0.0277
20200827,0.0447,0.0965,0.0084,0.1496,0.0275
20200826,0.0536,0.1084,0.0115,0.1735,0.0423
20200825,0.0558,0.1182,0.0117,0.1857,0.0561
20200824,0.0489,0.1028,0.0099,0.1616,0.0585
20200823,0.0437,0.086,0.0061,0.1358,0.0349
20200822,0.038,0.0915,0.005,0.1345,0.0343
20200821,0.0409,0.0782,0.0036,0.1227,0.0217
20200820,0.0398,0.0738,0.0027,0.1163,0.0371
20200819,0.0388,0.0839,0.0041,0.1268,0.0443
20200818,0.0351,0.0858,0.007,0.1279,0.0453
20200817,0.0293,0.0883,0.0118,0.1294,0.0401
20200816,0.0313,0.055,0.0162,0.1025,0.0233
20200815,0.0346,0.0336,0.0236,0.0918,0.016
20200814,0.0345,0.031,0.0274,0.0929,0.018
20200813,0.0384,0.0349,0.0294,0.1027,0.012
20200812,0.0384,0.0402,0.0255,0.1041,0.017
20200811,0.0356,0.0442,0.0215,0.1013,0.0176
20200810,0.0312,0.0543,0.0182,0.1037,0.0188
20200809,0.0271,0.0538,0.0138,0.0947,0.0253
